100221
100596
100599
100635
100636
100650
100671
102
103
106122
106167
106179
106218
106845
106848
106872
106884
106887
106908
107082
107187
107190
107193
107196
107199
107211
107217
107220
107223
107229
107244
107247
107272
107301
107304
107307
107310
107313
107322
107343
107346
107349
107358
107361
107364
107367
107379
107388
107391
107394
107397
107430
107436
107439
107442
107445
107448
107451
107454
107490
107571
107583
107586
107592
107598
107793
107808
107814
107817
107820
107868
107892
107898
107934
108366
108438
108489
108642
108868
109266
109272
109275
109278
109377
109419
109743
109746
109869
109887
110118
110121
110133
110136
110139
110472
110628
110631
110643
110646
110871
111
112
112776
112815
112854
112932
112935
112977
113235
113922
113943
114096
11483
11485
11515
11529
11532
115380
115398
115542
115545
115608
11565
11573
11673
117033
117060
117063
117066
117138
117141
117144
117147
11717
11723
117243
117258
11743
11745
11755
11759
11761
11765
11767
11843
11891
118989
11919
120192
120210
120231
120252
120270
120309
120330
120351
120393
120408
120432
120459
120483
120528
120531
120555
120582
120606
120630
120654
120657
120705
120729
120753
121332
121350
121383
121392
121395
121398
12415
12417
12419
12421
12423
12441
12443
12449
12451
12455
12457
124758
12535
12961
136509
146415
147036
147177
15000
15055
15185
15188
15189
15190
15209
15352
15353
15367
15370
15375
15382
15383
15384
15510
15511
15513
15536
15537
15601
15605
15608
15641
15643
15647
15648
15649
15657
15658
15695
15709
15710
15712
15713
15714
15782
15796
15805
15807
15808
15809
15811
15812
15813
15832
15858
15868
15882
15884
15886
15887
15889
15890
15891
15893
15894
15904
161115
161754
16315
16316
16317
16497
16526
16566
16567
16643
16652
16653
16654
16657
16658
16704
16759
16760
16763
16767
16820
16892
16897
16900
16904
16905
16906
16907
170466
170490
170553
170850
170892
170895
170901
170910
170916
170979
170982
171159
171162
171486
171537
171552
171810
171813
171906
17193
173151
173301
173322
173325
173328
173346
173367
17439
17443
17466
17520
17523
17535
17538
17544
17553
17562
17568
17571
17589
17595
176016
17604
17610
17616
17628
17631
177372
17811
17814
17817
17832
17835
17838
17841
17844
17847
17865
17877
17878
178794
17889
17907
17910
17913
17916
17919
17922
17925
17928
17931
17934
17937
17940
17943
17946
17949
17952
17955
18061
181779
181782
18180
181803
181806
181833
181860
181863
181884
181887
181938
181965
181992
181995
182022
182052
182079
18213
182130
182133
18216
182160
182163
182193
182220
182247
182274
182316
182331
182379
182403
182427
18276
18279
18282
18288
18294
18297
18306
18340
18381
18387
18393
184068
18411
18417
18432
18438
18450
18456
185562
185577
185664
185814
18673
187587
187779
18799
18888
18891
19048
19135
19168
192102
192105
192108
19300
19428
195
19503
19530
19539
19542
19545
19552
19572
19578
196
19621
19633
19636
19639
19642
19756
19798
19822
19827
19869
19996
20004
20010
20013
20019
20022
20025
20046
20052
20055
20061
20064
20067
20070
20076
20079
20085
20157
20169
20172
20196
20205
20208
20214
20223
20455
20470
20476
20544
20566
20602
20608
2118
2119
2250
2268
23217
23220
23481
23484
23487
23511
23514
23517
23520
23526
23532
23550
23553
23556
23559
23562
23605
23608
23674
24243
24246
24253
24256
24325
2434
24372
24387
24391
24399
24453
24456
24459
24468
24474
24658
24688
24817
24933
24936
24943
24949
24955
24984
24987
24990
24999
25000
25074
25146
25150
25152
25305
25467
255
25647
25890
25908
264
269
2717
2728
2730
2732
2738
2739
274
2741
2742
2746
2748
2786
2787
2791
2798
2801
2804
2808
2811
2831
2832
2833
2834
2835
2837
2838
2839
2841
2857
2858
2859
2865
2870
2884
2885
2886
2919
2967
2988
2989
2991
3000
3001
3010
3148
3160
3163
317
3170
3173
3174
3175
318
320
325
327
3279
3285
334
3481
3482
3483
35418
35421
35427
35430
3621
3622
365
381
384
4054
4077
4082
4084
4086
4087
4088
4089
4097
4098
4103
4105
4110
4121
4122
426
427
428
4327
43533
4391
4392
45319
45322
45339
45468
45471
45474
45477
45480
45489
45495
45501
45507
45510
45531
45534
45540
45543
45549
45555
45558
45561
45567
45570
45573
45576
45579
45585
45591
45603
45609
45612
45618
45621
45624
45630
45636
45657
45699
45711
45747
45750
45753
45774
45852
45864
45867
45870
45873
45876
45879
45882
459
45948
45981
45996
46011
46026
46029
46038
46041
46071
46089
46110
46122
46137
46140
46146
46167
46170
46173
46182
46185
46188
46197
46203
46206
46212
46239
46242
46248
46266
46293
46302
46317
46320
46326
46338
46341
46380
46386
46395
46437
46461
46467
46503
46509
46512
46515
46518
46521
46527
46530
46533
46536
46539
46557
46560
46611
46614
46623
46629
46632
46638
46650
46656
46668
46704
46728
46743
46746
46755
46764
46767
46770
46773
46779
46791
46794
46797
46800
46809
46821
46830
46836
46839
46842
46863
46887
46899
46911
47052
47064
47076
47145
47151
47169
47193
47205
47241
47244
47304
48015
48051
48249
48261
48264
48336
48339
48354
48357
48366
48369
48372
48465
48468
48486
48489
48495
48543
48600
48603
48675
48711
4872
4873
48861
48879
48882
48960
49119
49164
49206
49239
49248
49251
49254
49257
49260
49263
49278
49284
49311
49317
49332
49371
49401
49410
49557
49617
49644
49656
49665
49695
49719
49782
49905
49971
49989
50010
50019
50037
50055
50091
50118
50166
50271
50355
50520
50523
50544
50556
50574
50586
50670
5070
5071
5089
50901
5115
5131
51885
51912
51924
51966
51975
52032
52035
52038
52068
52074
52113
52515
52596
52695
52710
52722
52743
52746
52890
52893
52971
53001
53004
53010
53013
53115
53118
53145
53148
53235
53247
53259
53325
53370
53415
53511
53646
5372
53760
53763
53853
53991
541
54195
54198
54201
54204
54207
54267
54270
54285
54303
54354
54393
54429
54432
54435
54438
54441
54444
54447
54450
54453
54456
54459
54462
54465
54468
54471
54474
54477
54480
54483
54489
545
54507
54537
54567
54582
54585
54603
54606
54846
54891
54924
54927
54930
55014
55047
55050
55059
55074
55137
55140
55143
55185
55188
55191
55194
55245
55254
55263
555
5565
558
55806
55809
55812
55815
55980
55983
55986
56019
5604
562
5623
56247
5625
5627
56584
566
56646
56649
56934
56943
56952
57075
57102
57108
57114
5713
57144
57150
57672
57678
57687
57690
57696
57723
57726
57738
57810
57813
57918
57945
57978
57981
57993
57999
58113
58116
58122
5813
58137
58140
58176
58185
58215
58458
58464
58476
58503
58512
58515
58521
58524
58527
58530
58533
58536
58539
58542
58551
5864
58680
58683
58692
58695
58698
58701
58704
58713
58716
58725
58728
58740
58746
58782
58809
58815
58836
58959
58962
58965
58974
58977
5997
60705
60711
60864
60867
6099
6100
61407
61431
61449
61482
61563
61581
61605
61623
61662
61683
61704
61707
61731
61758
6178
61782
6179
61827
61830
61854
61878
61902
61926
61950
61974
61977
62019
62040
62064
62088
62133
62184
62193
62199
62247
62250
62259
62283
62286
62289
62292
62295
62298
62301
62304
62310
62313
62394
62397
62400
62403
62469
62472
62478
62481
62505
62682
62685
62715
62742
62799
62808
62826
62835
62841
62844
63003
6304
63141
63165
63186
63249
63252
63307
63319
63322
63390
63393
63399
63402
63412
63510
63519
6393
64191
64197
64200
64203
64215
64224
64257
64263
64269
64272
64278
64347
64362
64380
64404
6441
64413
64437
64458
64968
64980
64989
64995
65649
65667
65673
65742
65796
65799
65802
65808
65817
65820
66114
66129
66132
66138
66144
66189
66195
66198
66318
66327
66714
66738
66747
66771
66876
66906
66909
66912
66924
66954
66981
66999
67152
67155
67158
67185
67218
67257
67263
67269
68016
68319
68322
68481
68679
68691
68733
68736
68739
68742
68745
68748
68808
68814
68967
68982
69150
69198
69207
69225
69294
69633
69828
69843
69852
69855
69870
69873
70083
70092
70095
70335
70347
70380
70389
70407
70413
70458
70461
70479
70542
70599
70605
70614
70617
71028
71040
71046
71178
71193
71202
71217
71400
71436
71472
71493
71706
71709
71748
71760
71769
72114
72117
72126
72285
72339
72342
72345
72403
72454
72463
72472
72483
72504
72735
72840
72849
72852
72927
73023
73041
73044
73047
73251
73260
73278
73284
73389
73392
73497
73620
73629
73911
73926
74022
74493
74574
74586
74589
74673
74724
74727
74730
74733
74736
75039
75099
75102
75165
75171
75222
75228
75510
75525
75618
75624
76209
76245
76251
76962
76974
77091
77214
77229
77232
77235
77409
77445
77448
77514
77523
77718
77739
78306
78321
78324
78429
78438
78456
78507
78522
78534
78564
78567
79056
79107
79170
79539
79551
79560
79743
79749
79755
80166
80199
80289
80298
80319
80385
80394
80421
80424
80427
80433
80469
80475
80478
80520
80523
80532
80535
80595
80607
80613
80661
80694
80715
80808
80814
80820
80823
80862
80868
80874
80883
80892
80895
80907
80916
80922
80934
80982
81009
81015
81063
81111
81117
81309
81312
81336
81339
81366
81426
81429
81513
81552
81582
81585
81588
81606
81621
81624
81642
81684
81690
81696
81702
81786
81792
81822
81825
81834
81837
81852
81855
81858
81861
81888
81927
81930
81960
81972
82098
82107
82110
82227
82506
82650
82881
82887
83019
83094
83109
83730
83841
83844
83859
83916
84042
84045
84048
84051
84054
84057
84060
84063
84066
84069
84072
84075
84078
84081
84084
84087
84090
84810
84813
85015
85048
85054
85059
85071
85656
85659
85662
86265
86268
86271
86274
86277
86280
86283
86286
86289
86292
86295
86298
86301
86304
86307
86310
86313
86316
86319
86322
86325
86331
86334
86337
86343
86346
86349
86352
86355
86361
86364
86367
86370
86373
86376
86379
86382
86385
86388
86391
86394
86397
86400
86403
86406
86409
86412
86415
86418
86421
86424
86427
86430
86433
86439
86442
86445
86448
86451
86454
86457
86463
86466
86820
87285
87303
87324
87345
87363
87402
87423
87444
87447
87471
87498
87522
87567
87570
87594
87621
87645
87669
87693
87735
87750
87798
87822
87846
87870
87888
87909
87930
87948
87987
88008
88029
88032
88056
88083
88107
88152
88155
88179
88206
88230
88254
88278
88320
88335
88383
88407
88431
88980
89482
89488
89701
89754
94995
94998
95049
98358
99840
99894
