320049
320967
325794
338490
339738
341334
443046
443118
443295
446259
446556
447519
450849
452388
452787
454254
456333
457215
457797
458412
459906
459996
460002
460284
460722
460725
460791
460797
461073
463590
463599
465492
465501
465564
467373
467385
471165
472425
472494
472497
472632
474552
474807
475830
477258
477261
477273
478203
478689
479481
480207
480720
481530
482499
482811
482904
483396
484497
485592
486378
486438
488493
488496
488631
488931
488985
490992
491157
491748
492369
493716
493944
496212
497406
497700
499134
501642
503376
503871
504933
505341
505635
505638
505665
506712
506847
507225
507228
507255
507258
507456
507507
507510
507522
507576
508056
508092
508200
508719
509964
509979
510105
510114
510672
510675
511035
511110
511170
511602
512202
512235
512244
512730
514281
514290
516981
516990
517080
517089
517095
517533
517611
517614
518013
518067
518091
518115
518124
518127
518688
519297
519432
519864
520188
520200
521214
528105
528159
529914
534252
535140
535191
535194
535203
535557
536760
537927
537933
537948
539718
540318
540333
540606
540936
541986
542112
542115
543885
545724
546054
